tree
version=v4
num_class=1
num_tree_per_iteration=1
label_index=0
max_feature_idx=29
objective=binary sigmoid:1
feature_names=Time V1 V2 V3 V4 V5 V6 V7 V8 V9 V10 V11 V12 V13 V14 V15 V16 V17 V18 V19 V20 V21 V22 V23 V24 V25 V26 V27 V28 Amount
feature_infos=[0:172792] [-56.407509631328999:2.45188848995359] [-72.715727562930297:22.057728990490901] [-33.680984018352497:9.3825584328211402] [-5.6006071412151002:16.8753440335975] [-42.1478983728015:34.801665876668601] [-26.1605059358433:22.5292984665587] [-43.5572415712451:36.677267945403102] [-73.216718455267397:19.587772623440401] [-13.4340663182301:15.5949946071278] [-24.588262437247501:23.7451361206545] [-4.7974734647975703:12.018913181619901] [-18.683714633344302:7.8483920756446004] [-5.7918812063208396:4.5690089585660596] [-19.214325490261398:10.526766051784699] [-4.3913070678049397:5.7845138896294603] [-14.129854517493101:7.05913181057395] [-25.162799369324802:9.2535262504728504] [-9.4987459210467708:5.0410691854118399] [-7.2135274301775896:5.5721133268796903] [-25.222345240529702:39.420904248219898] [-34.8303821448146:27.202839157315399] [-10.933143697655:10.503090089945401] [-44.807735203791303:22.528411689774899] [-2.8366269187034101:4.0163418166926803] [-10.2953970749851:6.0708503840779802] [-2.60455055280817:3.5173456116238002] [-22.565679320782699:12.1524011068287] [-11.7108956394515:33.847807818883098] [0:19656.529999999999]
tree_sizes=6758 6933

Tree=0
num_leaves=64
num_cat=0
split_feature=14 4 8 4 20 6 12 12 12 7 26 26 12 12 14 15 13 15 10 10 28 26 23 0 18 18 1 14 7 4 18 18 16 2 27 23 10 4 12 11 20 4 14 15 27 4 14 15 28 12 11 26 28 3 27 27 23 13 17 25 10 27 28
split_gain=4.69724e+07 2.65924e+06 1.03649e+06 986389 810865 522723 519279 500326 487759 463478 414170 346847 332628 424844 325686 468256 726840 325167 314887 307217 262227 261238 226148 215645 207040 298879 185715 176309 163913 304842 361896 196602 158593 145865 139545 139504 129433 129018 119719 85402.5 80018.6 366690 186168 73913.2 67105.3 62670 56120.9 52931.5 45099.8 44919.4 44155.7 32530.3 27639 27438.9 96473.8 19533.6 83860.6 19292.1 178035 117776 19270.6 121590 14235.5
threshold=-1.7707740913736147 1.6192629942331453 -0.22111008625605497 -0.48371261245110991 -0.97775114581420686 0.10485851046658302 -0.072064179969300132 -1.4016848604320649 -0.048124938659554542 2.5000400652861701 0.48593616946900303 -0.53456596359336839 -0.57750623737227891 0.9235526613199746 -0.81916445786922143 0.28079392536357856 -0.30859825144705694 0.40069129884323207 -0.54550941425502242 -1.4427362349232646 0.031631733008474709 1.2012016384835602 -0.054899172086317595 166774.50000000003 -0.6932721798804059 -0.75596861404940696 1.0961742025060301 1.0423983344615102 1.0668592338482703 0.16298829832603254 0.21254980596186304 0.5174526649396346 -0.062205665326919693 1.1573954081852003 0.093481340978060962 -0.040169005761907295 -0.08988442890575063 -0.20899307318464347 1.0121515488133201 0.7625115493465171 -0.49850876611973699 0.89154531812656768 -0.46966779833277544 0.28978220668952653 -0.16651696663653096 -0.27272230779187295 -0.83716945325986492 -0.38723377158967143 -0.08279147758286963 -0.84664901590064046 -1.5323913261833448 -0.38103483962177243 -0.19189943720515648 1.0364268401075052 -2.1566626548360346 0.10850746626161552 -2.2562411594671095 1.5592434609417603 -0.8664435641556304 0.6669719393022796 -0.13385938588345198 0.07256070842819097 0.040797174667291859
decision_type=2 2 2 2 2 2 2 2 2 2 2 2 2 2 2 2 2 2 2 2 2 2 2 2 2 2 2 2 2 2 2 2 2 2 2 2 2 2 2 2 2 2 2 2 2 2 2 2 2 2 2 2 2 2 2 2 2 2 2 2 2 2 2
left_child=3 4 12 23 6 8 20 -5 22 14 17 43 27 -14 15 21 18 32 35 33 -2 -6 -4 -1 25 -7 34 50 40 -30 -31 36 -9 -19 48 45 47 -22 -15 -27 41 -16 -43 -11 -34 -17 -23 -32 -24 -46 -3 -50 -51 -52 -55 -54 -57 -42 59 -59 -53 -62 -47
right_child=1 2 5 7 9 24 -8 10 -10 11 -12 -13 13 38 28 16 -18 19 -20 -21 37 46 26 -25 -26 39 -28 -29 29 30 31 -33 44 -35 -36 -37 -38 -39 -40 -41 57 42 -44 -45 49 62 -48 -49 51 52 53 60 55 54 -56 56 -58 58 -60 -61 61 -63 -64
leaf_value=-6.4084258109605976 -6.4084258109605976 -6.4084258109605976 -6.4084258109605976 22.511769531158414 -6.4084258109605976 -6.4084258109605976 -6.4084258109605976 -6.4084258109605976 -6.4084258109605976 -6.4084258109605976 -6.4084258109605976 -6.4084258109605976 -6.4084258109605976 21.870204758607386 -6.4084258109605976 -6.4084258109605976 -6.4084258109605976 20.389695896906755 -6.4084258109605976 -6.4084258109605976 -6.4084258109605976 -6.4084258109605976 -6.4084258109605985 18.098542345017265 -6.4084258109605976 -6.4084258109605976 -6.4084258109605976 -6.4084258109605976 -6.4084258109605976 -6.4084258109605976 -6.4084258109605976 -6.4084258109605976 -6.4084258109605967 -6.4084258109605976 -6.4084258109605976 -6.4084258109605985 -6.4084258109605976 21.554922345482456 -6.4084258109605976 22.014413153931159 -6.4084258109605976 21.399902869736387 -6.4084258109605976 21.66446836572478 -6.408425810960594 21.609588279093387 22.160099885021225 20.690089135807685 -6.4084258109605994 -6.4084258109605923 21.378573996907775 22.208994583572871 21.469448406266991 22.406258568644219 -6.4084258109605976 22.505913914957901 -6.4084258109605976 -6.4084258109605976 -6.4084258109605976 20.989808847261916 -6.4084258109605976 22.233504748632644 15.84776293473216
leaf_weight=3.7735945652239016 1.1255185985937712 0.15191048569977184 1.2256414187140752 315.38968107220717 25.474352698540319 2.5652157017029822 3.9255050509236735 0.55585427721962588 4.004912804812192 0.25375956133939359 1.9299536705948401 2.0991267114877692 3.4076283951289943 3.0621361727826302 12.007833392359315 0.22096070647239674 7.5782617297954848 3.2313092136755595 1.557082478422674 2.4789029257372008 0.44192141294479359 0.20715066231787194 0.16054176329634806 1.1778013098519293 15.607076150132343 0.30382097139954689 0.82515013823285777 0.63871454214677292 15.468975708587097 4.3311750979628396 0.18816185160540033 1.1237923430744556 0.22786572854966536 0.60246317624114443 0.5368654665071525 0.54204423306509664 0.53859172202646721 6.1933225663378835 0.42638511327095319 2.0310665820725262 254.78668337338604 2.0759492255747323 0.84759145998395879 3.0845774945337325 0.15018423018046689 6.1812387777026743 1.0103545244783152 4.2606525488663465 0.11220660875550947 0.09149154252373648 13.504027499351649 6.0517696137539989 22.778475049184625 1.0017232468817381 0.40912255807779807 0.9982707358431071 0.33489357074722537 0.6249044979922499 14.560965305427088 1.0535109124612061 0.45400520158000857 2.0155302823986858 1.2969129406847058
leaf_count=2186 652 88 710 595 14757 1486 2274 322 2320 147 1118 1216 1974 45 6956 128 4390 143 902 1436 256 120 93 106 9041 176 478 370 8961 2509 109 651 132 349 311 314 312 130 247 24 147595 50 491 58 87 123 9 163 65 53 331 48 517 4 237 2 194 362 8435 34 263 15 175
internal_value=8.07379 -2.99733 6.91461 21.5811 -4.55151 1.63317 8.41119 21.8957 8.59907 -4.9707 16.0745 9.51683 15.3021 6.14829 -5.19202 -1.1685 5.21937 17.4542 14.2127 7.3089 15.9072 -5.32703 13.8798 -0.57889 -3.59338 5.37269 16.3282 19.3215 -5.76056 -1.95257 4.64819 12.4843 20.002 16.1785 18.3388 18.1088 16.7414 19.6925 18.4138 18.316 -6.10561 -2.54216 13.3377 19.5305 20.5992 19.8349 17.2993 19.544 19.8496 20.8519 20.4122 20.3379 21.0211 20.6854 14.0505 21.1252 15.2426 -6.30193 -4.631 10.7889 20.6901 16.9679 20.6103
internal_weight=785.277 431.556 58.4955 353.721 373.061 35.8938 11.6863 348.769 15.3866 361.375 33.3797 5.43746 22.6016 6.89615 355.937 44.0684 17.3765 31.4497 9.79824 6.31268 7.76076 26.6919 11.3817 4.9514 20.5072 4.9001 10.1561 15.7055 311.869 25.9113 10.4424 6.1112 25.137 3.83377 9.33092 8.24116 4.98741 6.63524 3.48852 2.33489 285.957 14.9314 2.92354 3.33834 24.5812 7.69911 1.21751 4.44881 8.79405 24.3533 15.0668 8.63351 24.2031 14.9149 1.41085 24.1116 1.33316 271.026 16.2394 1.67842 8.52131 2.46954 7.47815
internal_count=227845 220605 18326 7240 202279 15030 3312 4948 4303 198967 4353 1421 3296 2266 197546 20918 6032 3235 1642 1928 1038 14886 1983 2292 10727 1686 1273 1030 176628 12705 3744 1235 1307 492 795 740 584 386 292 200 163923 7497 541 205 985 426 129 272 484 853 660 391 766 572 241 713 196 156426 8831 396 326 278 298
is_linear=0
shrinkage=1


Tree=1
num_leaves=64
num_cat=0
split_feature=14 12 3 12 17 22 27 0 16 29 3 13 17 19 25 19 9 7 26 9 23 28 27 15 18 15 27 11 22 28 3 12 26 11 27 9 16 5 7 5 22 26 19 10 3 27 26 7 17 7 12 10 19 9 19 17 15 8 3 17 8 10 26
split_gain=98698.5 415728 9.21841e+06 76265 351495 591428 1.98856e+06 52499.1 69618.9 162085 267510 532968 53745.6 62803 154501 38025 66576.4 177157 480519 724766 1.40778e+06 14739.2 21994.8 40790.1 93792.9 693791 1.97098e+06 2.80587e+06 54838.7 108919 164857 471503 1.64356e+06 2.46426e+06 19159.3 42884.9 66313.3 15071.1 27317.9 14601.1 11612.7 9931.33 9316.71 7110.47 7078.71 6505.65 10426.8 13353.6 8118.05 5384.96 5164.14 6560.17 20486.1 12991.4 23578.7 8514.3 8428.86 14398.6 34367.3 66313.3 5310.47 4456.54 43029.9
threshold=-1.7707740913736147 -2.0139599392472096 -1.0601710528555197 -1.4016848604320649 1.459949600125775 -0.16149071992503197 0.57289633713447607 166774.50000000003 1.3486493054251951 5.0050000000000008 -2.76061446657376 -1.6582539001696797 0.70602468126572104 0.14105968618550305 -0.52136746232063791 -1.7838369040809747 -0.61042930394760642 0.57634821333606767 -0.40341662035499593 -1.4553622888413698 0.42561557944503503 -0.011174920233545499 0.10850746626161552 0.40069129884323207 1.6259699841161153 0.14898071194357651 -0.070899787300876496 -0.35181378753464193 -0.052920822461966339 0.030202540434632403 -1.7141262356149098 -0.68932725108760784 0.6791873848152441 1.9673600487815752 0.06461613407295197 0.16647142709722204 -0.11334691027450848 3.2695606778241504 0.63447619492825058 0.83770387956788517 -0.16149071992503197 -0.15866944270088298 -0.63917402617756336 -1.4427362349232646 0.29416478829776155 -0.116989350363384 0.48593616946900303 0.17447535576226753 1.4013442639269951 1.0668592338482703 -0.59316732212678891 1.2684864285655151 -1.8773684891752498 0.47380355817666658 -1.24367026517173 -1.4065682008629097 0.40069129884323207 -0.26328705318624646 1.1852089007946403 1.0136844852888103 -7.2662210477128246 -1.4427362349232646 -0.34392286549330192
decision_type=2 2 2 2 2 2 2 2 2 2 2 2 2 2 2 2 2 2 2 2 2 2 2 2 2 2 2 2 2 2 2 2 2 2 2 2 2 2 2 2 2 2 2 2 2 2 2 2 2 2 2 2 2 2 2 2 2 2 2 2 2 2 2
left_child=1 2 -1 4 39 6 -6 15 12 -10 -11 -12 13 14 -9 16 17 18 -5 -20 -21 -17 23 24 28 42 -27 -28 29 30 31 -23 33 -33 -30 -36 -37 61 -39 -3 -14 -41 -26 -42 -4 -31 47 -47 -49 -2 51 60 -53 54 -54 -56 -57 58 59 -58 -51 62 -25
right_child=49 3 44 7 5 -7 -8 8 9 10 11 -13 40 -15 -16 21 -18 -19 19 20 -22 22 -24 37 25 26 27 -29 34 45 -32 32 -34 -35 35 36 -38 38 -40 41 43 -43 -44 -45 -46 46 -48 48 -50 50 -52 52 53 -55 55 56 57 -59 -60 -61 -62 -63 -64
leaf_value=-3800.6368814383477 -0.15115167823308787 -5.3125141750873652 -53.327539916053013 -4.3996473653540011 -2130.8208191986619 -77.858950146392658 -0.050082377543273104 -15.273496292199164 -15.273527278537509 -0.050082377543273118 -0.050082377543257887 -1272.2831575390082 -41.91395946967917 -8.7491917085149229 -385.67047338418155 -0.84927302057071419 -4.5057341369776571 -16.288274942363813 -15.273558264996934 -2100.8010370707775 -30.497029756776868 -10.199066790922046 -0.32274166227754764 -95.190725535361281 -4.5056972690188823 -12.22886343916165 -0.050082377543257832 -2922.8768560756189 -2.3538381082606921 -1.2679606103004319 -22.554349526883765 -2738.8353530872992 -0.050082377543280737 -0.050082377543257853 -4.9215951397782272 -0.050082377543282257 -200.99961015364087 -82.256675288286658 -0.050082377543286455 -70.077594804667669 -28.805398784632974 -13.581973257938159 -41.370442112614889 -2.01440156656821 -10.199038738940766 -86.313988324537959 -0.050082377543287086 -7.6617565981372469 -48.253715135284473 -91.39086423642982 -0.49897188069689424 -182.73147279737549 -79.973278011045551 -1.2173778089858529 -91.38251899169866 -5.2909455924869384 -200.99957371405355 -0.050082377543286663 -2.5873143191294612 -0.050082377543282257 -1.4654448175091517 -0.050082377543288308 -3.080993879871182
leaf_weight=0.0016707938734388241 328.98208776544908 0.13301834889015918 0.013138762927030423 0.011495402440558689 0.0016425980985594881 0.014779806374045634 0.003284400561824441 0.0065688287251628452 0.013137630797158018 0.0032844005618244401 0.0016422002809122196 0.0016506402953613284 0.026275635252772656 0.011495429567899507 0.0049271252715011871 4.5045570372744033 0.13466043394951377 0.049266563482028403 0.0032844010359975853 0.0016422698696412219 0.0016422007550853657 0.01477980395072942 1.6504113919753836 0.013138443005123568 0.067330761830331376 0.0082110023529073928 0.0016422002809122213 0.001642245801534159 0.80303650237840152 0.082110014993957314 0.037770614521928869 0.0016430641583324856 0.0065688011236488819 0.0016422002809122205 0.041055008919498093 0.0082110014045611024 0.0082110170522748938 0.016422040499574853 0.026275204494595528 0.016422116816737109 0.029559750992049549 0.014779899725283485 0.022991086676006689 0.15272466894962688 0.034486303597860868 0.0098534834803625237 0.039412806741893291 0.032844281723055868 0.0197080547839108 0.0016422018387539641 24.504916188374363 0.0016422033966039242 0.013137612818753919 0.51400869356284362 0.0032847034521710219 0.20034867040949067 0.0082110185408654779 0.029559605056419969 0.019706511030832319 0.0082110014045611024 6.0055287167359745 1.1823842022567987 0.36292709865159833
leaf_count=424 201031 96 34 8 75 32 2 6 12 2 1 44 39 9 41 2819 94 48 3 70 2 12 1015 34 49 7 1 97 528 52 40 94 4 1 29 5 38 37 16 34 35 14 34 99 29 24 24 26 37 4 15150 7 29 325 9 144 38 18 14 5 3831 720 244
internal_value=-0.344452 -5.33437 -150.164 -4.59082 -36.4775 -236.009 -710.422 -3.9681 -26.516 -116.713 -319.333 -637.797 -18.8364 -91.3886 -174.024 -3.35004 -24.8036 -65.399 -199.338 -540.478 -1065.67 -2.86666 -4.9041 -7.59507 -14.5289 -60.4524 -426.306 -1461.48 -10.3044 -31.1056 -88.1848 -188.815 -456.714 -1369.8 -4.34984 -32.2369 -100.525 -2.36093 -31.668 -12.5333 -10.8383 -43.3165 -13.8895 -6.3589 -22.0973 -11.7394 -20.1839 -32.8996 -22.8845 -0.210785 -0.837366 -2.05588 -6.31488 -5.95114 -14.5655 -11.3748 -10.387 -25.9299 -47.1043 -100.525 -1.49003 -1.55799 -6.29899
internal_weight=369.944 9.65126 0.0492959 9.60196 0.183927 0.0197068 0.004927 9.41804 0.251266 0.0197149 0.00657724 0.00329284 0.231551 0.0229914 0.011496 9.16677 0.201991 0.0673308 0.0180643 0.00656887 0.00328447 8.96478 4.46022 2.80981 1.20866 0.101817 0.0114954 0.00328445 1.10685 0.246333 0.0624045 0.0246339 0.00985407 0.00328526 0.860514 0.057477 0.016422 1.60115 0.0426972 0.16422 0.20856 0.031202 0.0903218 0.182284 0.0476251 0.183929 0.101819 0.0624058 0.0525523 360.292 31.3102 6.80528 0.79811 0.796468 0.282459 0.269322 0.266037 0.0656881 0.0361285 0.016422 6.00717 1.55845 0.376066
internal_count=227845 7240 487 6753 253 109 77 6500 288 59 47 45 229 56 47 6212 225 131 83 75 72 5987 3168 2153 1102 188 105 98 914 314 151 111 99 95 600 72 43 1051 53 144 173 48 83 134 63 163 111 87 63 220605 19574 4424 589 582 257 228 219 75 57 43 3835 998 278
is_linear=0
shrinkage=0.05


end of trees

feature_importances:
V12=11
V27=10
V26=9
V10=7
V15=7
V3=6
V4=6
V7=6
V14=6
V17=6
V28=6
V18=5
V19=5
V9=4
V11=4
V23=4
V8=3
V13=3
V16=3
V22=3
Time=2
V5=2
V20=2
V25=2
V1=1
V2=1
V6=1
Amount=1

parameters:
[boosting: gbdt]
[objective: binary]
[metric: recall,binary_logloss]
[tree_learner: serial]
[device_type: cpu]
[data_sample_strategy: bagging]
[data: ]
[valid: ]
[num_iterations: 5000]
[learning_rate: 0.05]
[num_leaves: 64]
[num_threads: 8]
[seed: 42]
[deterministic: 0]
[force_col_wise: 0]
[force_row_wise: 0]
[histogram_pool_size: -1]
[max_depth: -1]
[min_data_in_leaf: 20]
[min_sum_hessian_in_leaf: 0.001]
[bagging_fraction: 0.8]
[pos_bagging_fraction: 1]
[neg_bagging_fraction: 1]
[bagging_freq: 0]
[bagging_seed: 400]
[bagging_by_query: 0]
[feature_fraction: 0.8]
[feature_fraction_bynode: 1]
[feature_fraction_seed: 30056]
[extra_trees: 0]
[extra_seed: 12879]
[early_stopping_round: 0]
[early_stopping_min_delta: 0]
[first_metric_only: 0]
[max_delta_step: 0]
[lambda_l1: 0]
[lambda_l2: 0]
[linear_lambda: 0]
[min_gain_to_split: 0]
[drop_rate: 0.1]
[max_drop: 50]
[skip_drop: 0.5]
[xgboost_dart_mode: 0]
[uniform_drop: 0]
[drop_seed: 17869]
[top_rate: 0.2]
[other_rate: 0.1]
[min_data_per_group: 100]
[max_cat_threshold: 32]
[cat_l2: 10]
[cat_smooth: 10]
[max_cat_to_onehot: 4]
[top_k: 20]
[monotone_constraints: ]
[monotone_constraints_method: basic]
[monotone_penalty: 0]
[feature_contri: ]
[forcedsplits_filename: ]
[refit_decay_rate: 0.9]
[cegb_tradeoff: 1]
[cegb_penalty_split: 0]
[cegb_penalty_feature_lazy: ]
[cegb_penalty_feature_coupled: ]
[path_smooth: 0]
[interaction_constraints: ]
[verbosity: 1]
[saved_feature_importance_type: 0]
[use_quantized_grad: 0]
[num_grad_quant_bins: 4]
[quant_train_renew_leaf: 0]
[stochastic_rounding: 1]
[linear_tree: 0]
[max_bin: 255]
[max_bin_by_feature: ]
[min_data_in_bin: 3]
[bin_construct_sample_cnt: 200000]
[data_random_seed: 175]
[is_enable_sparse: 1]
[enable_bundle: 1]
[use_missing: 1]
[zero_as_missing: 0]
[feature_pre_filter: 1]
[pre_partition: 0]
[two_round: 0]
[header: 0]
[label_column: ]
[weight_column: ]
[group_column: ]
[ignore_column: ]
[categorical_feature: ]
[forcedbins_filename: ]
[precise_float_parser: 0]
[parser_config_file: ]
[objective_seed: 16083]
[num_class: 1]
[is_unbalance: 0]
[scale_pos_weight: 577.287]
[sigmoid: 1]
[boost_from_average: 1]
[reg_sqrt: 0]
[alpha: 0.9]
[fair_c: 1]
[poisson_max_delta_step: 0.7]
[tweedie_variance_power: 1.5]
[lambdarank_truncation_level: 30]
[lambdarank_norm: 1]
[label_gain: ]
[lambdarank_position_bias_regularization: 0]
[eval_at: ]
[multi_error_top_k: 1]
[auc_mu_weights: ]
[num_machines: 1]
[local_listen_port: 12400]
[time_out: 120]
[machine_list_filename: ]
[machines: ]
[gpu_platform_id: -1]
[gpu_device_id: -1]
[gpu_use_dp: 0]
[num_gpu: 1]

end of parameters

pandas_categorical:[]
